spawns:
  default:
    world: 55a8be10-1de1-47e9-9576-5b9e8eff4c5c
    world-name: world
    x: -7.394488098667219
    y: 65.0
    z: -24.519198821148652
    yaw: 92.5482177734375
    pitch: 2.7001354694366455
