world: 55a8be10-1de1-47e9-9576-5b9e8eff4c5c
world-name: world
x: -125.44588
y: -12.0
z: -59.500195
yaw: -84.5307388305664
pitch: 8.728317260742188
name: home
lastowner: 00000000-0000-0000-0009-01fee21b9f01
