world: 55a8be10-1de1-47e9-9576-5b9e8eff4c5c
world-name: world
x: 510.70624
y: 117.0
z: 3094.4993
yaw: -93.77342224121094
pitch: 10.430130004882812
name: npc3
lastowner: 00000000-0000-0000-0009-01fee21b9f01
