world: 55a8be10-1de1-47e9-9576-5b9e8eff4c5c
world-name: world
x: -1276.8073
y: -43.0
z: 873.7705
yaw: 163.30242919921875
pitch: 67.540771484375
name: city
lastowner: 00000000-0000-0000-0009-01f88c38fdc3
