world: 55a8be10-1de1-47e9-9576-5b9e8eff4c5c
world-name: world
x: -776.7414
y: 71.0
z: -186.91344
yaw: -179.00747680664062
pitch: 47.73869323730469
name: farmnpc
lastowner: 00000000-0000-0000-0009-01f88c38fdc3
