world: 55a8be10-1de1-47e9-9576-5b9e8eff4c5c
world-name: world
x: -149.75955
y: 75.0
z: -46.095814
yaw: -86.31037139892578
pitch: 31.068084716796875
name: home1
lastowner: 00000000-0000-0000-0009-01fee21b9f01
