world: 55a8be10-1de1-47e9-9576-5b9e8eff4c5c
world-name: world
x: -2024.6322
y: 193.0
z: -2836.7021
yaw: -38.3939208984375
pitch: 81.57354736328125
name: ice
lastowner: 00000000-0000-0000-0009-01f88c38fdc3
