world: 55a8be10-1de1-47e9-9576-5b9e8eff4c5c
world-name: world
x: -2398.336
y: 63.0
z: -2754.095
yaw: 85.51834106445312
pitch: 89.89999389648438
name: ice2
lastowner: 00000000-0000-0000-0009-01f88c38fdc3
