world: 55a8be10-1de1-47e9-9576-5b9e8eff4c5c
world-name: world
x: 140.37389
y: 64.0
z: 2266.5046
yaw: 7.1572418212890625
pitch: -0.9107208251953125
name: npc1
lastowner: 00000000-0000-0000-0009-01fee21b9f01
