world: 55a8be10-1de1-47e9-9576-5b9e8eff4c5c
world-name: world
x: 1176.5128
y: 70.0
z: 3291.5618
yaw: -176.63185119628906
pitch: 8.435836791992188
name: npc2
lastowner: 00000000-0000-0000-0009-01fee21b9f01
