world: 55a8be10-1de1-47e9-9576-5b9e8eff4c5c
world-name: world
x: 1654.5825
y: 75.0
z: 3622.3179
yaw: -110.91654968261719
pitch: 67.82562255859375
name: npc4
lastowner: 00000000-0000-0000-0009-01f88c38fdc3
