world: 55a8be10-1de1-47e9-9576-5b9e8eff4c5c
world-name: world
x: -733.7257
y: 69.0
z: -151.4055
yaw: 92.1790771484375
pitch: 12.490615844726562
name: npc5
lastowner: 00000000-0000-0000-0009-01fee21b9f01
