world: 55a8be10-1de1-47e9-9576-5b9e8eff4c5c
world-name: world
x: 1277.6246
y: 63.0
z: 2475.5466
yaw: -25.441802978515625
pitch: 78.1414794921875
name: swamp
lastowner: 00000000-0000-0000-0009-01f88c38fdc3
